0.1000000014901161 5933
0.1000000014901161 5763
0.1000000014901161 2321
0.1000000014901161 2330
0.1000000014901161 1362
0.1000000014901161 1363
0.1000000014901161 1382
0.1000000014901161 1388
0.1000000014901161 1389
0.1000000014901161 1403
0.1000000014901161 2295
0.1000000014901161 5714
0.1000000014901161 5739
0.1000000014901161 7294
0.1000000014901161 4085
0.1000000014901161 7372
0.1000000014901161 7380
0.1000000014901161 7354
0.1000000014901161 7359
0.1000000014901161 7304
0.1000000014901161 7314
0.1000000014901161 7473
0.1000000014901161 7642
0.1000000014901161 7671
0.1000000014901161 7521
0.1000000014901161 7530
0.1000000014901161 7515
0.1000000014901161 7578
0.1000000014901161 7580
0.1000000014901161 7781
0.1000000014901161 7807
0.1000000014901161 13045
0.1000000014901161 6343
0.1000000014901161 6366
0.1000000014901161 6956
0.1000000014901161 6970
0.1000000014901161 15371
0.1000000014901161 15373
0.1000000014901161 15382
0.1000000014901161 15385
0.1000000014901161 13213
0.1000000014901161 10355
0.1000000014901161 9166
0.1000000014901161 9188
0.1000000014901161 10294
0.1000000014901161 10298
0.1000000014901161 11262
0.1000000014901161 15481
0.1000000014901161 10378
0.1000000014901161 10405
0.1000000014901161 10417
0.1000000014901161 10430
0.1000000014901161 15010
0.1000000014901161 1822
0.1000000014901161 1849
0.1000000014901161 1850
0.1000000014901161 4721
0.1000000014901161 14814
0.1000000014901161 13125
0.1000000014901161 13087
0.1000000014901161 13113
0.1000000014901161 15325
0.1000000014901161 4794
0.1000000014901161 9894
0.1000000014901161 9909
0.1000000014901161 9882
0.1000000014901161 14923
0.1000000014901161 14929
0.1000000014901161 14851
0.1000000014901161 14856
0.1000000014901161 14866
0.1000000014901161 14883
0.1000000014901161 9715
0.1000000014901161 9720
0.1000000014901161 7044
0.1000000014901161 7051
0.1000000014901161 7072
0.1000000014901161 7089
0.1000000014901161 9649
0.1000000014901161 12447
0.1000000014901161 13864
0.1000000014901161 13877
0.1000000014901161 13883
0.1000000014901161 4631
0.1000000014901161 4649
0.1000000014901161 12626
0.1000000014901161 12637
0.1000000014901161 12647
0.1000000014901161 12659
0.1000000014901161 12607
0.1000000014901161 13958
0.1000000014901161 14015
0.1000000014901161 15136
0.1000000014901161 13794
0.1000000014901161 13810
0.1000000014901161 13772
0.1000000014901161 13790
0.1000000014901161 13890
0.1000000014901161 13909
0.1000000014901161 14665
0.1000000014901161 15169
0.1000000014901161 15199
0.1000000014901161 15230
0.1000000014901161 6050
0.1000000014901161 14478
0.1000000014901161 14485
0.1000000014901161 11751
0.1000000014901161 11768
0.1000000014901161 3937
0.1000000014901161 4330
0.1000000014901161 3395
0.1000000014901161 3415
0.1000000014901161 1319
0.1000000014901161 1283
0.1000000014901161 1297
0.1000000014901161 1545
0.1000000014901161 1596
0.1000000014901161 2099
0.1000000014901161 1610
0.1000000014901161 1623
0.1000000014901161 1647
0.1000000014901161 1432
0.1000000014901161 5432
0.1000000014901161 5402
0.1000000014901161 1761
0.1000000014901161 1694
0.1000000014901161 1700
0.1000000014901161 2172
0.1000000014901161 5272
0.1000000014901161 1261
0.1000000014901161 1508
0.1000000014901161 1517
0.1000000014901161 1533
0.1000000014901161 5120
0.1000000014901161 5513
0.1000000014901161 5489
0.1000000014901161 5494
0.1000000014901161 5445
0.1000000014901161 865
0.1000000014901161 866
0.1000000014901161 874
0.1000000014901161 833
0.1000000014901161 847
0.1000000014901161 849
0.1000000014901161 862
0.1000000014901161 580
0.1000000014901161 591
0.1000000014901161 601
0.1000000014901161 948
0.1000000014901161 956
0.1000000014901161 644
0.1000000014901161 570
0.1000000014901161 538
0.1000000014901161 9369
0.1000000014901161 769
0.1000000014901161 782
0.1000000014901161 34
0.1000000014901161 13
0.1000000014901161 7868
0.1000000014901161 7869
0.1000000014901161 8199
0.1000000014901161 8224
0.1000000014901161 9094
0.1000000014901161 9095
0.1000000014901161 131
0.1000000014901161 9035
0.1000000014901161 2018
0.1000000014901161 2024
0.1000000014901161 107
0.1000000014901161 70
0.1000000014901161 77
0.1000000014901161 4829
0.1000000014901161 9771
0.1000000014901161 4891
0.1000000014901161 10052
0.1000000014901161 10095
0.1000000014901161 10188
0.1000000014901161 10200
0.1000000014901161 10239
0.1000000014901161 1184
0.1000000014901161 10018
0.1000000014901161 10025
0.1000000014901161 10031
0.1000000014901161 10808
0.1000000014901161 10165
0.1000000014901161 8169
0.1000000014901161 8180
0.1000000014901161 393
0.1000000014901161 10434
0.1000000014901161 14404
0.1000000014901161 14429
0.1000000014901161 12390
0.1000000014901161 12414
0.1000000014901161 4531
0.1000000014901161 12293
0.1000000014901161 4420
0.1000000014901161 10703
0.1000000014901161 10720
0.1000000014901161 9002
0.1000000014901161 9012
0.1000000014901161 11162
0.1000000014901161 11180
0.1000000014901161 11015
0.1000000014901161 8617
0.1000000014901161 8602
0.1000000014901161 6106
0.1000000014901161 3139
0.1000000014901161 3156
0.1000000014901161 3170
0.1000000014901161 6185
0.1000000014901161 6203
0.1000000014901161 7994
0.1000000014901161 7999
0.1000000014901161 7953
0.1000000014901161 11559
0.1000000014901161 13569
0.1000000014901161 13577
0.1000000014901161 13602
0.1000000014901161 3847
0.1000000014901161 1048
0.1000000014901161 296
0.1000000014901161 318
0.1000000014901161 2502
0.1000000014901161 6601
0.1000000014901161 3118
0.1000000014901161 3120
0.1000000014901161 3681
0.1000000014901161 4245
0.1000000014901161 4253
0.1000000014901161 3812
0.1000000014901161 3779
0.1000000014901161 3799
0.1000000014901161 6577
0.1000000014901161 9242
0.1000000014901161 2370
0.1000000014901161 2421
0.1000000014901161 2430
0.1000000014901161 2945
0.1000000014901161 2954
0.1000000014901161 2972
0.1000000014901161 2485
0.1000000014901161 2491
0.1000000014901161 2915
0.1000000014901161 2902
0.1000000014901161 2909
0.1000000014901161 2676
0.1000000014901161 2627
0.1000000014901161 11461
0.1000000014901161 11492
0.1000000014901161 10873
0.1000000014901161 6783
0.1000000014901161 6722
0.1000000014901161 6725
0.1000000014901161 11072
0.1000000014901161 11119
0.1000000014901161 321
0.1000000014901161 348
0.1000000014901161 10995
0.1000000014901161 11332
0.1000000014901161 11342
0.1000000014901161 11355
0.1000000014901161 11368
0.1000000014901161 11371
0.1000000014901161 3508
0.1000000014901161 486
0.1000000014901161 448
0.1000000014901161 452
0.1000000014901161 6817
0.1000000014901161 6831
0.1000000014901161 6795
0.1000000014901161 2829
0.1000000014901161 2834
0.1000000014901161 2843
0.1000000014901161 5312
0.1000000014901161 5364
0.1000000014901161 3043
0.1000000014901161 3045
0.1000000014901161 3061
0.1000000014901161 14220
0.1000000014901161 192
0.1000000014901161 193
0.1000000014901161 4967
0.1000000014901161 4579
0.1000000014901161 1958
0.1000000014901161 1982
0.1000000014901161 6486
0.1000000014901161 8419
0.1000000014901161 8440
0.1000000014901161 8467
0.1000000014901161 3560
0.1000000014901161 3635
0.1000000014901161 3591
0.1000000014901161 2737
0.1000000014901161 2744
0.1000000014901161 5076
0.1000000014901161 12767
0.1000000014901161 9577
0.1000000014901161 9581
0.1000000014901161 9515
0.1000000014901161 9494
0.1000000014901161 9496
0.1000000014901161 12873
0.1000000014901161 12888
0.1000000014901161 12903
0.1000000014901161 12927
0.1000000014901161 12084
0.1000000014901161 7725
0.1000000014901161 12719
0.1000000014901161 12142
0.1000000014901161 12806
0.1000000014901161 12814
0.1000000014901161 12846
0.1000000014901161 13265
0.1000000014901161 13269
0.1000000014901161 7020
0.1000000014901161 7021
0.1000000014901161 7002
0.1000000014901161 7007
0.1000000014901161 8744
0.1000000014901161 8749
0.1000000014901161 6697
0.1000000014901161 8815
0.1000000014901161 12162
0.1000000014901161 12164
0.1000000014901161 12190
0.1000000014901161 14273
0.1000000014901161 14279
0.1000000014901161 1005
0.1000000014901161 971
0.1000000014901161 12231
0.1000000014901161 12240
0.1000000014901161 12276
0.1000000014901161 14196
0.1000000014901161 14162
0.1000000014901161 14173
0.1000000014901161 14109
0.1000000014901161 14345
0.1000000014901161 3203
0.1000000014901161 3226
0.1000000014901161 6214
0.1000000014901161 6282
0.1000000014901161 6293
0.1000000014901161 6432
0.1000000014901161 11786
0.1000000014901161 13482
0.1000000014901161 13483
0.1000000014901161 13489
0.1000000014901161 13390
0.1000000014901161 8924
0.1000000014901161 8928
0.1000000014901161 10627
0.1000000014901161 10637
0.1000000014901161 10647
0.1000000014901161 12012
0.1000000014901161 10564
0.1000000014901161 10597
0.1000000014901161 11932
0.1000000014901161 14041
0.1000000014901161 14063
0.1000000014901161 8555
0.1000000014901161 13751
